3 0.04538690476190476 0.39186507936507936 0.06944444444444445 0.08399470899470898
3 0.17125496031746032 0.46875 0.05629960317460317 0.20998677248677247
3 0.2171378968253968 0.4662698412698412 0.06969246031746032 0.22023809523809523
3 0.30530753968253965 0.48478835978835977 0.06498015873015872 0.2466931216931217
3 0.39496527777777773 0.4662698412698412 0.1202876984126984 0.17923280423280422
3 0.7932787698412698 0.48792989417989413 0.09995039682539682 0.20734126984126983
3 0.3954613095238095 0.802744708994709 0.2279265873015873 0.394510582010582
2 0.10404265873015872 0.3275462962962963 0.11631944444444443 0.09027777777777778
2 0.3420138888888889 0.34027777777777773 0.12301587301587301 0.11838624338624337
2 0.6515376984126984 0.3549933862433862 0.1736111111111111 0.1345899470899471
2 0.9693700396825397 0.37797619047619047 0.06125992063492063 0.15013227513227512
0 0.7632688492063492 0.7433862433862434 0.47346230158730157 0.5125661375661376
0 0.6449652777777778 0.4591600529100529 0.16393849206349206 0.10945767195767195
0 0.08978174603174603 0.4885912698412698 0.17559523809523808 0.20866402116402116
