3 0.7664930555555555 0.45535714285714285 0.04290674603174603 0.09523809523809523
3 0.7398313492063492 0.45221560846560843 0.050595238095238096 0.08895502645502645
3 0.6927083333333333 0.4508928571428571 0.03621031746031746 0.07109788359788359
3 0.6563740079365079 0.45800264550264547 0.041914682539682536 0.09788359788359788
3 0.48462301587301587 0.47701719576719576 0.047619047619047616 0.10284391534391533
3 0.31684027777777773 0.609292328042328 0.09350198412698413 0.19212962962962962
3 0.2642609126984127 0.6468253968253967 0.10491071428571427 0.23148148148148145
3 0.30096726190476186 0.4794973544973545 0.07911706349206349 0.06481481481481481
2 0.8204365079365079 0.384755291005291 0.05704365079365079 0.04067460317460317
2 0.7016369047619048 0.3936838624338624 0.048611111111111105 0.04067460317460317
2 0.5672123015873015 0.40575396825396826 0.04464285714285714 0.052248677248677246
2 0.24330357142857142 0.43187830687830686 0.059027777777777776 0.08134920634920634
1 0.39025297619047616 0.5431547619047619 0.16592261904761904 0.45138888888888884
1 0.9326636904761905 0.5932539682539683 0.13467261904761904 0.8134920634920635
