0 0.5829613095238095 0.4255952380952381 0.16393849206349206 0.1349206349206349
0 0.48338293650793646 0.7129629629629629 0.9662698412698412 0.4933862433862434
2 0.16741071428571427 0.27298280423280424 0.17261904761904762 0.12466931216931217
2 0.5700644841269841 0.2824074074074074 0.19171626984126983 0.1693121693121693
2 0.9474206349206349 0.27546296296296297 0.10515873015873015 0.12698412698412698
3 0.05109126984126984 0.39302248677248675 0.09623015873015872 0.24305555555555555
3 0.19853670634920634 0.4045965608465608 0.13169642857142858 0.18683862433862433
3 0.43464781746031744 0.43634259259259256 0.14012896825396826 0.19477513227513227
3 0.9278273809523809 0.501984126984127 0.14434523809523808 0.3306878306878307
3 0.9616815476190476 0.5565476190476191 0.07663690476190475 0.3664021164021164
