1 0.9078621031746031 0.6091269841269841 0.18427579365079363 0.7817460317460317
1 0.41703869047619047 0.5095899470899471 0.16592261904761904 0.4272486772486772
2 0.828000992063492 0.3943452380952381 0.057291666666666664 0.05191798941798942
2 0.7111855158730158 0.39302248677248675 0.04092261904761905 0.039351851851851846
2 0.5677083333333333 0.38938492063492064 0.04563492063492063 0.04199735449735449
2 0.32440476190476186 0.4072420634920635 0.08779761904761904 0.05720899470899471
2 0.22234623015873015 0.41286375661375657 0.08407738095238095 0.08895502645502645
3 0.7699652777777778 0.4485780423280423 0.03050595238095238 0.0916005291005291
3 0.7416914682539683 0.4497354497354497 0.029513888888888888 0.08399470899470898
3 0.7026289682539683 0.4470899470899471 0.039186507936507936 0.08664021164021163
3 0.6583581349206349 0.45238095238095233 0.045882936507936505 0.0992063492063492
3 0.4861111111111111 0.46941137566137564 0.054563492063492064 0.1207010582010582
3 0.29675099206349204 0.6175595238095237 0.10491071428571427 0.22916666666666666
3 0.24330357142857142 0.6468253968253967 0.13740079365079363 0.2698412698412698
3 0.30344742063492064 0.470734126984127 0.08953373015873016 0.08035714285714285
