2 0.0693204365079365 0.32506613756613756 0.13814484126984125 0.21097883597883596
2 0.1589781746031746 0.30340608465608465 0.14781746031746032 0.13723544973544974
2 0.42993551587301587 0.30340608465608465 0.13070436507936506 0.10416666666666666
2 0.7168898809523809 0.2944775132275132 0.13268849206349206 0.1121031746031746
2 0.962673611111111 0.31481481481481477 0.07465277777777778 0.10185185185185185
3 0.37735615079365076 0.3688822751322751 0.11929563492063491 0.14384920634920634
3 0.49032738095238093 0.3880621693121693 0.08779761904761904 0.11805555555555555
3 0.8844246031746031 0.7301587301587301 0.23115079365079363 0.5152116402116402
3 0.5620039682539683 0.7060185185185185 0.2976190476190476 0.49206349206349204
1 0.624875992063492 0.6202050264550264 0.2497519841269841 0.6180555555555555
0 0.5687003968253967 0.6035052910052909 0.8546626984126984 0.41203703703703703
