0 0.9422123015873015 0.5082671957671957 0.11557539682539682 0.16798941798941797
1 0.5930059523809523 0.6104497354497355 0.1994047619047619 0.7791005291005291
1 0.3639632936507936 0.4618055555555555 0.11532738095238095 0.3449074074074074
3 0.7093253968253967 0.41997354497354494 0.03125 0.08267195767195767
3 0.6825396825396826 0.3956679894179894 0.023809523809523808 0.06977513227513227
3 0.4149305555555555 0.45221560846560843 0.0496031746031746 0.13988095238095238
3 0.1780753968253968 0.6469907407407407 0.13839285714285712 0.2900132275132275
3 0.08792162698412698 0.7027116402116401 0.1753472222222222 0.34854497354497355
3 0.1875 0.46494708994708994 0.11557539682539682 0.12698412698412698
3 0.04265873015873016 0.470734126984127 0.08482142857142856 0.12863756613756613
2 0.0968501984126984 0.3804563492063492 0.09449404761904762 0.09556878306878307
2 0.22371031746031744 0.3697089947089947 0.08878968253968253 0.06613756613756613
2 0.4923115079365079 0.35813492063492064 0.06299603174603174 0.0582010582010582
2 0.7574404761904762 0.363260582010582 0.07242063492063491 0.06117724867724868
