0 0.3515625 0.6919642857142857 0.0964781746031746 0.185515873015873
0 0.9181547619047619 0.7060185185185185 0.13442460317460317 0.1779100529100529
4 0.621155753968254 0.6157407407407407 0.757688492063492 0.16534391534391535
4 0.9112103174603174 0.5603505291005291 0.17757936507936506 0.12334656084656084
4 0.5752728174603174 0.5496031746031745 0.15451388888888887 0.10449735449735449
4 0.32775297619047616 0.5464616402116402 0.11334325396825397 0.09556878306878307
3 0.30344742063492064 0.6048280423280423 0.08209325396825397 0.10317460317460317
3 0.43886408730158727 0.6678240740740741 0.07266865079365079 0.19609788359788358
3 0.4861111111111111 0.6622023809523809 0.06200396825396825 0.20734126984126983
3 0.5762648809523809 0.6646825396825397 0.08754960317460317 0.1917989417989418
3 0.6630704365079365 0.6818783068783069 0.10491071428571427 0.22156084656084654
