1 0.5529513888888888 0.4942129629629629 0.12872023809523808 0.39186507936507936
3 0.7579365079365079 0.6861772486772486 0.11160714285714285 0.23412698412698413
3 0.714657738095238 0.6175595238095237 0.08010912698412698 0.23908730158730157
3 0.7827380952380952 0.6155753968253967 0.08878968253968253 0.23776455026455026
3 0.8866567460317459 0.6099537037037037 0.09821428571428571 0.24437830687830686
3 0.05109126984126984 0.6117724867724867 0.10019841269841269 0.1970899470899471
2 0.05592757936507936 0.4604828042328042 0.11135912698412698 0.12863756613756613
2 0.4021577380952381 0.4808201058201058 0.1515376984126984 0.13095238095238093
2 0.7331349206349206 0.46428571428571425 0.14037698412698413 0.09788359788359788
2 0.972718253968254 0.46941137566137564 0.054563492063492064 0.10813492063492063
0 0.4212549603174603 0.6125992063492063 0.10590277777777778 0.12202380952380952
0 0.3774801587301587 0.830026455026455 0.7544642857142857 0.32076719576719576
