0 0.6091269841269841 0.6117724867724867 0.14583333333333331 0.18187830687830686
3 0.4150545634920635 0.7619047619047619 0.11086309523809523 0.2936507936507936
3 0.3363095238095238 0.6633597883597884 0.10218253968253968 0.2771164021164021
3 0.40885416666666663 0.5750661375661376 0.08854166666666666 0.1283068783068783
3 0.5003720238095238 0.6023478835978836 0.10391865079365079 0.23644179894179893
3 0.5915178571428571 0.5114087301587301 0.06299603174603174 0.07506613756613756
2 0.5608878968253967 0.46312830687830686 0.08010912698412698 0.1207010582010582
2 0.3368055555555555 0.47883597883597884 0.1488095238095238 0.14748677248677247
1 0.7535962301587301 0.6402116402116402 0.26711309523809523 0.7195767195767195
1 0.1937003968253968 0.6144179894179894 0.18898809523809523 0.5992063492063492
