0 0.5085565476190476 0.6086309523809523 0.894593253968254 0.40707671957671954
2 0.07787698412698413 0.30671296296296297 0.1552579365079365 0.19212962962962962
2 0.36532738095238093 0.304728835978836 0.1488095238095238 0.1121031746031746
2 0.6449652777777778 0.29464285714285715 0.1505456349206349 0.11441798941798942
2 0.9092261904761905 0.29828042328042326 0.11458333333333333 0.11177248677248677
3 0.494171626984127 0.720568783068783 0.2175099206349206 0.4808201058201058
3 0.8616071428571428 0.7389219576719577 0.27678571428571425 0.5221560846560847
3 0.3167162698412698 0.3753306878306878 0.11061507936507936 0.18716931216931215
3 0.42447916666666663 0.37913359788359785 0.09350198412698413 0.1359126984126984
3 0.6129712301587301 0.38161375661375657 0.08110119047619047 0.11044973544973544
3 0.9229910714285714 0.3860780423280423 0.10788690476190475 0.10945767195767195
1 0.5256696428571428 0.5863095238095237 0.23834325396825395 0.5634920634920635
