0 0.26822916666666663 0.6392195767195766 0.5359623015873015 0.3055555555555555
0 0.5042162698412698 0.4560185185185185 0.125 0.14484126984126983
3 0.42447916666666663 0.4262566137566137 0.06870039682539682 0.1335978835978836
3 0.3468501984126984 0.43386243386243384 0.0771329365079365 0.1335978835978836
3 0.6826636904761905 0.7617394179894179 0.3251488095238095 0.476521164021164
1 0.6840277777777778 0.4756944444444444 0.16220238095238093 0.6550925925925926
1 0.6034226190476191 0.4515542328042328 0.10416666666666666 0.46660052910052907
2 0.45362103174603174 0.337797619047619 0.08680555555555555 0.08167989417989417
2 0.28583829365079366 0.34160052910052907 0.10391865079365079 0.10449735449735449
2 0.06746031746031746 0.34672619047619047 0.13442460317460317 0.14252645502645503
