2 0.7374751984126984 0.39814814814814814 0.06125992063492063 0.05489417989417989
2 0.4579613095238095 0.39186507936507936 0.06473214285714285 0.05952380952380952
2 0.130828373015873 0.40261243386243384 0.05927579365079365 0.07374338624338624
2 0.18229166666666666 0.39384920634920634 0.07043650793650794 0.06349206349206349
2 0.027777777777777776 0.4039351851851852 0.05505952380952381 0.11673280423280423
3 0.06882440476190475 0.7433862433862434 0.1277281746031746 0.41203703703703703
3 0.10019841269841269 0.5577050264550264 0.1240079365079365 0.23908730158730157
0 0.9365079365079365 0.5616732804232804 0.12698412698412698 0.20866402116402116
1 0.6173115079365079 0.6314484126984127 0.20783730158730157 0.7371031746031745
1 0.337797619047619 0.4841269841269841 0.11259920634920634 0.3637566137566137
