2 0.291046626984127 0.3835978835978836 0.14310515873015872 0.10317460317460317
2 0.5608878968253967 0.4052579365079365 0.11830357142857142 0.10813492063492063
2 0.8710317460317459 0.41550925925925924 0.15277777777777776 0.13855820105820105
0 0.5791170634920635 0.6595568783068783 0.7346230158730158 0.31911375661375657
0 0.29241071428571425 0.4713955026455026 0.17261904761904762 0.054563492063492064
3 0.11024305555555555 0.7709986772486772 0.19171626984126983 0.42228835978835977
3 0.05406746031746031 0.50380291005291 0.10763888888888888 0.20601851851851852
3 0.4227430555555555 0.5603505291005291 0.10491071428571427 0.273478835978836
3 0.5863095238095237 0.7600859788359788 0.21478174603174602 0.4798280423280423
3 0.8127480158730158 0.7027116402116401 0.24603174603174602 0.42857142857142855
3 0.6449652777777778 0.4376653439153439 0.0954861111111111 0.1068121693121693
