3 0.5174851190476191 0.6207010582010581 0.25471230158730157 0.49867724867724866
3 0.9579613095238094 0.45353835978835977 0.08407738095238095 0.3091931216931217
3 0.9507688492063492 0.2736441798941799 0.09846230158730158 0.1550925925925926
3 0.35205853174603174 0.16038359788359788 0.12227182539682539 0.12698412698412698
3 0.4923115079365079 0.1087962962962963 0.07638888888888888 0.164021164021164
3 0.5804811507936508 0.10383597883597884 0.09250992063492063 0.13095238095238093
0 0.6355406746031745 0.3230820105820106 0.7289186507936507 0.3637566137566137
2 0.7341269841269841 0.059854497354497355 0.14781746031746032 0.11706349206349206
2 0.9115823412698412 0.05671296296296296 0.16493055555555555 0.10813492063492063
2 0.39025297619047616 0.06878306878306878 0.1470734126984127 0.10449735449735449
2 0.0927579365079365 0.07523148148148148 0.18501984126984125 0.1498015873015873
0 0.13368055555555555 0.2825727513227513 0.26686507936507936 0.22387566137566137
