2 0.10652281746031746 0.4108796296296296 0.20709325396825395 0.14384920634920634
2 0.2977430555555555 0.4039351851851852 0.18874007936507936 0.14252645502645503
2 0.6476934523809523 0.394510582010582 0.12971230158730157 0.11574074074074073
2 0.949280753968254 0.41534391534391535 0.10143849206349206 0.14484126984126983
0 0.9073660714285714 0.6322751322751322 0.18526785714285712 0.27579365079365076
0 0.4460565476190476 0.7366071428571428 0.8519345238095237 0.5201719576719577
3 0.07936507936507936 0.72255291005291 0.15823412698412698 0.3776455026455026
3 0.7197420634920635 0.5335648148148148 0.08680555555555555 0.19080687830687829
3 0.6282242063492063 0.4942129629629629 0.07738095238095238 0.13723544973544974
3 0.5404265873015873 0.4669312169312169 0.07142857142857142 0.1488095238095238
