1 0.5714285714285714 0.6180555555555555 0.28422619047619047 0.7638888888888888
1 0.3621031746031746 0.4656084656084656 0.11904761904761904 0.36507936507936506
3 0.310515873015873 0.5107473544973544 0.10019841269841269 0.185515873015873
3 0.6644345238095237 0.4421296296296296 0.050595238095238096 0.12962962962962962
3 0.6964285714285714 0.4376653439153439 0.04216269841269841 0.11078042328042327
0 0.749875992063492 0.4618055555555555 0.0954861111111111 0.1412037037037037
2 0.029637896825396824 0.39302248677248675 0.05530753968253968 0.08763227513227513
2 0.0931299603174603 0.3936838624338624 0.0771329365079365 0.07109788359788359
2 0.4317956349206349 0.3784722222222222 0.08482142857142856 0.07109788359788359
2 0.2795138888888889 0.38161375661375657 0.051587301587301584 0.062169312169312166
2 0.6277281746031745 0.3683862433862434 0.047619047619047616 0.04828042328042328
2 0.7669890873015872 0.3720238095238095 0.05927579365079365 0.05092592592592592
