2 0.9301835317460317 0.3804563492063492 0.07266865079365079 0.054563492063492064
2 0.7540922619047619 0.3778108465608465 0.10788690476190475 0.07242063492063491
2 0.5595238095238095 0.37285052910052907 0.0734126984126984 0.059854497354497355
2 0.3897569444444444 0.3733465608465608 0.0716765873015873 0.05357142857142857
2 0.2065972222222222 0.3740079365079365 0.08482142857142856 0.06481481481481481
2 0.1355406746031746 0.3720238095238095 0.1029265873015873 0.08134920634920634
3 0.853298611111111 0.4611441798941799 0.04092261904761905 0.1273148148148148
3 0.8080357142857142 0.4591600529100529 0.05357142857142857 0.1259920634920635
3 0.7493799603174602 0.4573412698412698 0.06026785714285714 0.12235449735449735
3 0.6903521825396824 0.470734126984127 0.05629960317460317 0.1259920634920635
3 0.40079365079365076 0.5100859788359788 0.08581349206349206 0.20469576719576718
3 0.029265873015873016 0.548941798941799 0.05803571428571428 0.23412698412698413
1 0.5013640873015873 0.6066468253968254 0.22247023809523808 0.7867063492063492
0 0.9144345238095237 0.4809854497354497 0.10416666666666666 0.1259920634920635
