2 0.8475942460317459 0.6481481481481481 0.18229166666666666 0.40674603174603174
2 0.7188740079365079 0.4884259259259259 0.13814484126984125 0.25066137566137564
2 0.865203373015873 0.4343584656084656 0.10491071428571427 0.19345238095238093
2 0.9564732142857142 0.5458002645502645 0.08110119047619047 0.29398148148148145
2 0.25148809523809523 0.4917328042328042 0.13839285714285712 0.23677248677248675
2 0.10317460317460317 0.5750661375661376 0.2058531746031746 0.3829365079365079
2 0.062127976190476185 0.42427248677248675 0.0974702380952381 0.09391534391534391
2 0.0574156746031746 0.32060185185185186 0.11433531746031746 0.10813492063492063
2 0.4522569444444444 0.34160052910052907 0.1525297619047619 0.14484126984126983
2 0.6330605158730158 0.35631613756613756 0.1763392857142857 0.13855820105820105
0 0.4723462301587301 0.6970899470899471 0.5285218253968254 0.5687830687830687
