2 0.6147486772486772 0.17038690476190474 0.07539682539682539 0.04365079365079365
2 0.6099537037037037 0.2854662698412698 0.05654761904761904 0.059027777777777776
2 0.6068121693121693 0.43018353174603174 0.03439153439153439 0.04836309523809523
2 0.6028439153439153 0.6923363095238095 0.08664021164021163 0.08854166666666666
2 0.6013558201058201 0.7886904761904762 0.13723544973544974 0.08283730158730158
3 0.36342592592592593 0.7769097222222222 0.38888888888888884 0.13219246031746032
3 0.4313822751322751 0.7012648809523809 0.31646825396825395 0.11582341269841269
3 0.5415013227513227 0.44680059523809523 0.16832010582010581 0.05778769841269841
3 0.5367063492063492 0.511656746031746 0.16203703703703703 0.06498015873015872
3 0.5524140211640212 0.33035714285714285 0.1306216931216931 0.05208333333333333
3 0.5563822751322751 0.23177083333333331 0.1292989417989418 0.05084325396825397
1 0.4793320105820106 0.5708085317460317 0.4474206349206349 0.16641865079365079
1 0.3956679894179894 0.0951140873015873 0.7906746031746031 0.18973214285714285
