5 0.23524305555555555 0.2632275132275132 0.06969246031746032 0.21494708994708994
1 0.46701388888888884 0.5246362433862434 0.3501984126984127 0.8700396825396824
3 0.3839285714285714 0.7142857142857142 0.28521825396825395 0.5595238095238095
3 0.7593005952380952 0.38541666666666663 0.12971230158730157 0.29398148148148145
3 0.8676835317460317 0.3134920634920635 0.06572420634920635 0.11441798941798942
3 0.5610119047619048 0.30026455026455023 0.05357142857142857 0.1283068783068783
3 0.5109126984126984 0.308531746031746 0.05257936507936507 0.12235449735449735
3 0.47805059523809523 0.2779431216931217 0.03249007936507936 0.08895502645502645
0 0.8257688492063492 0.5679563492063492 0.34846230158730157 0.5162037037037037
2 0.886780753968254 0.22255291005291003 0.11532738095238095 0.11574074074074073
2 0.6220238095238095 0.228505291005291 0.06101190476190476 0.06878306878306878
2 0.5466269841269841 0.23032407407407407 0.051587301587301584 0.0625
