1 0.41385582010582006 0.4107142857142857 0.8270502645502645 0.26686507936507936
1 0.5547288359788359 0.6469494047619048 0.4031084656084656 0.1654265873015873
3 0.35416666666666663 0.8234126984126984 0.3386243386243386 0.16418650793650794
3 0.49983465608465605 0.8092757936507936 0.2331349206349206 0.12152777777777778
3 0.33283730158730157 0.9202628968253967 0.478505291005291 0.15947420634920634
3 0.5358796296296297 0.9621775793650793 0.1636904761904762 0.07564484126984126
2 0.6296296296296295 0.8990575396825397 0.12103174603174602 0.10019841269841269
2 0.6375661375661376 0.7721974206349206 0.11838624338624337 0.08506944444444443
2 0.646329365079365 0.5069444444444444 0.08498677248677249 0.07192460317460317
2 0.6446759259259259 0.22767857142857142 0.059854497354497355 0.04712301587301587
0 0.47701719576719576 0.06498015873015872 0.2093253968253968 0.1294642857142857
