2 0.6739831349206349 0.2716600529100529 0.044890873015873016 0.05853174603174603
2 0.749875992063492 0.2691798941798942 0.06671626984126984 0.06613756613756613
3 0.6044146825396826 0.31746031746031744 0.01984126984126984 0.08399470899470898
3 0.6364087301587301 0.3516865079365079 0.0496031746031746 0.12466931216931217
3 0.6945684523809523 0.35300925925925924 0.053323412698412696 0.1273148148148148
3 0.8991815476190476 0.4332010582010582 0.16294642857142858 0.29497354497354494
0 0.8869047619047619 0.5304232804232804 0.22619047619047616 0.31415343915343913
0 0.08271329365079365 0.45238095238095233 0.16493055555555555 0.21626984126984125
3 0.5319940476190476 0.7438822751322751 0.26041666666666663 0.5122354497354497
1 0.45039682539682535 0.5565476190476191 0.33382936507936506 0.8035714285714285
5 0.38070436507936506 0.3116732804232804 0.06696428571428571 0.20205026455026454
