1 0.48090277777777773 0.5380291005291005 0.2936507936507936 0.7261904761904762
3 0.4445684523809524 0.7642195767195766 0.2765376984126984 0.4715608465608465
3 0.8160962301587301 0.4541997354497354 0.13070436507936506 0.28869047619047616
3 0.9187748015873015 0.3874007936507936 0.06870039682539682 0.11937830687830688
3 0.6168154761904762 0.3677248677248677 0.048611111111111105 0.12103174603174602
3 0.5637400793650793 0.37152777777777773 0.0496031746031746 0.12334656084656084
2 0.5982142857142857 0.29580026455026454 0.04216269841269841 0.05853174603174603
2 0.6711309523809523 0.2976190476190476 0.060019841269841265 0.06746031746031746
2 0.9325396825396824 0.306547619047619 0.11359126984126984 0.10317460317460317
0 0.8435019841269841 0.6512896825396826 0.31299603174603174 0.5300925925925926
5 0.29823908730158727 0.3212632275132275 0.06969246031746032 0.21593915343915343
