0 0.08271329365079365 0.7161044973544973 0.16493055555555555 0.20205026455026454
3 0.33730158730158727 0.6818783068783069 0.0927579365079365 0.2123015873015873
3 0.41121031746031744 0.6774140211640212 0.08581349206349206 0.19080687830687829
3 0.5052083333333333 0.6703042328042328 0.07738095238095238 0.2123015873015873
3 0.5672123015873015 0.6506283068783069 0.07936507936507936 0.17294973544973544
0 0.650173611111111 0.7020502645502645 0.1440972222222222 0.1997354497354497
3 0.708829365079365 0.6372354497354497 0.06299603174603174 0.1488095238095238
2 0.6778273809523809 0.5424933862433862 0.10416666666666666 0.1068121693121693
2 0.4365079365079365 0.5400132275132274 0.09821428571428571 0.10185185185185185
2 0.09598214285714285 0.548941798941799 0.14037698412698413 0.1349206349206349
