0 0.08891369047619047 0.4541997354497354 0.1773313492063492 0.20998677248677247
0 0.8949652777777777 0.5451388888888888 0.21006944444444442 0.30787037037037035
3 0.9144345238095237 0.4307208994708994 0.15376984126984125 0.30257936507936506
3 0.7074652777777778 0.3548280423280423 0.05629960317460317 0.1488095238095238
3 0.6545138888888888 0.3601190476190476 0.06299603174603174 0.1488095238095238
3 0.5342261904761905 0.7471891534391534 0.23859126984126983 0.5056216931216931
1 0.47470238095238093 0.5381944444444444 0.29464285714285715 0.7516534391534391
5 0.38405257936507936 0.30340608465608465 0.0716765873015873 0.20072751322751323
2 0.6858878968253967 0.2716600529100529 0.057291666666666664 0.05324074074074074
2 0.7579365079365079 0.27232142857142855 0.06200396825396825 0.07242063492063491
