3 0.41741071428571425 0.7579365079365079 0.26438492063492064 0.4841269841269841
3 0.1980406746031746 0.7136243386243386 0.2586805555555555 0.4384920634920635
3 0.896329365079365 0.7478505291005291 0.18402777777777776 0.4031084656084656
3 0.5943700396825397 0.5451388888888888 0.12227182539682539 0.25165343915343913
3 0.3473462301587301 0.4756944444444444 0.06870039682539682 0.15906084656084654
3 0.38070436507936506 0.42873677248677244 0.05704365079365079 0.10548941798941798
3 0.46664186507936506 0.45783730158730157 0.06671626984126984 0.09027777777777778
3 0.9665178571428571 0.517691798941799 0.06696428571428571 0.18683862433862433
2 0.7116815476190476 0.3829365079365079 0.13368055555555555 0.12367724867724866
2 0.43799603174603174 0.3880621693121693 0.1240079365079365 0.08498677248677249
2 0.1298363095238095 0.4115410052910053 0.16195436507936506 0.12466931216931217
0 0.3994295634920635 0.6550925925925926 0.7983630952380952 0.34457671957671954
