1 0.6982886904761905 0.5871362433862434 0.29389880952380953 0.72255291005291
3 0.9115823412698412 0.5482804232804233 0.1440972222222222 0.27843915343915343
3 0.8031994047619048 0.6005291005291005 0.14310515873015872 0.3167989417989418
3 0.4222470238095238 0.49801587301587297 0.0771329365079365 0.19576719576719576
3 0.38169642857142855 0.4636243386243386 0.07837301587301587 0.16269841269841268
3 0.21949404761904762 0.4808201058201058 0.07043650793650794 0.17923280423280422
3 0.16567460317460317 0.5127314814814814 0.07539682539682539 0.1617063492063492
3 0.12165178571428571 0.48330026455026454 0.05828373015873015 0.1259920634920635
3 0.06870039682539682 0.4662698412698412 0.08581349206349206 0.13756613756613756
4 0.35491071428571425 0.4568452380952381 0.6810515873015872 0.18948412698412698
2 0.10739087301587301 0.3892195767195767 0.07936507936507936 0.10317460317460317
2 0.24851190476190474 0.37913359788359785 0.10019841269841269 0.10548941798941798
2 0.40687003968253965 0.38673941798941797 0.11532738095238095 0.11078042328042327
