1 0.5942460317460317 0.5145502645502645 0.1388888888888889 0.414021164021164
1 0.10280257936507936 0.6011904761904762 0.20510912698412698 0.7486772486772486
3 0.7038690476190476 0.6097883597883598 0.09424603174603174 0.25
3 0.7886904761904762 0.6488095238095237 0.0992063492063492 0.26190476190476186
3 0.2951388888888889 0.4603174603174603 0.17559523809523808 0.10185185185185185
3 0.523313492063492 0.4742063492063492 0.05654761904761904 0.1164021164021164
2 0.4444444444444444 0.40079365079365076 0.057539682539682536 0.051587301587301584
2 0.3030753968253968 0.3988095238095238 0.0625 0.047619047619047616
2 0.17509920634920634 0.3994708994708994 0.050595238095238096 0.04365079365079365
2 0.7837301587301587 0.41534391534391535 0.07539682539682539 0.08597883597883597
