0 0.24243551587301587 0.7002314814814814 0.484375 0.4249338624338624
0 0.3515625 0.4712301587301587 0.1515376984126984 0.10185185185185185
0 0.9140625 0.4917328042328042 0.171875 0.17063492063492064
2 0.9091021825396824 0.3351521164021164 0.09350198412698413 0.10416666666666666
2 0.6617063492063492 0.3396164021164021 0.13839285714285712 0.11574074074074073
2 0.339781746031746 0.3549933862433862 0.1488095238095238 0.12863756613756613
2 0.029265873015873016 0.34854497354497355 0.05803571428571428 0.11574074074074073
3 0.607266865079365 0.4700727513227513 0.09250992063492063 0.21593915343915343
3 0.683531746031746 0.46825396825396826 0.0734126984126984 0.1997354497354497
3 0.7803819444444444 0.4743716931216931 0.06870039682539682 0.20734126984126983
3 0.8170882936507936 0.4313822751322751 0.06969246031746032 0.15906084656084654
3 0.9578373015873015 0.40773809523809523 0.06101190476190476 0.11177248677248677
3 0.20994543650793648 0.4966931216931217 0.1277281746031746 0.1984126984126984
3 0.599578373015873 0.7979497354497354 0.3023313492063492 0.40410052910052907
