1 0.5062003968253967 0.5 0.23759920634920634 0.6832010582010581
3 0.5257936507936508 0.7610780423280423 0.248015873015873 0.4778439153439153
3 0.9087301587301587 0.4247685185185185 0.14781746031746032 0.32175925925925924
3 0.6882440476190476 0.34160052910052907 0.048611111111111105 0.13227513227513227
3 0.6369047619047619 0.3473875661375661 0.050595238095238096 0.1207010582010582
2 0.6768353174603174 0.2716600529100529 0.06200396825396825 0.06117724867724868
2 0.7485119047619048 0.2665343915343915 0.06200396825396825 0.08399470899470898
5 0.38070436507936506 0.3134920634920635 0.0744047619047619 0.1984126984126984
0 0.8864087301587301 0.5596891534391534 0.22718253968253968 0.3396164021164021
0 0.08172123015873016 0.4604828042328042 0.16294642857142858 0.21263227513227512
