0 0.8562748015873015 0.7999338624338624 0.2874503968253968 0.4001322751322751
0 0.24231150793650794 0.7212301587301587 0.46924603174603174 0.5482804232804233
2 0.03732638888888889 0.3645833333333333 0.07415674603174603 0.10416666666666666
2 0.37351190476190477 0.3802910052910053 0.16319444444444445 0.1335978835978836
2 0.5442708333333333 0.38343253968253965 0.15749007936507936 0.12466931216931217
2 0.9311755952380952 0.4065806878306878 0.1376488095238095 0.15773809523809523
3 0.7503720238095237 0.5069444444444444 0.0964781746031746 0.2546296296296296
3 0.798611111111111 0.5444775132275131 0.11061507936507936 0.20734126984126983
3 0.5799851190476191 0.6926256613756613 0.19270833333333331 0.42757936507936506
3 0.6047867063492063 0.4897486772486772 0.11631944444444443 0.18716931216931215
3 0.15029761904761904 0.5026455026455026 0.13839285714285712 0.18187830687830686
