2 0.9507688492063492 0.08019179894179894 0.09846230158730158 0.15906084656084654
2 0.6124751984126984 0.06746031746031746 0.14310515873015872 0.10052910052910052
2 0.2605406746031746 0.054563492063492064 0.19270833333333331 0.10846560846560846
2 0.08308531746031746 0.058366402116402115 0.16220238095238093 0.11607142857142856
3 0.4193948412698412 0.1164021164021164 0.07738095238095238 0.16534391534391535
3 0.5023561507936508 0.11904761904761904 0.06572420634920635 0.16798941798941797
3 0.583953373015873 0.15145502645502645 0.08209325396825397 0.1541005291005291
3 0.6716269841269841 0.18072089947089945 0.10863095238095237 0.17427248677248677
3 0.06262400793650794 0.4351851851851852 0.12475198412698411 0.36243386243386244
3 0.08072916666666666 0.30026455026455023 0.16096230158730157 0.2962962962962963
3 0.4880952380952381 0.5978835978835979 0.33482142857142855 0.6421957671957672
0 0.3940972222222222 0.3353174603174603 0.740079365079365 0.44510582010582006
0 0.8735119047619048 0.27480158730158727 0.25297619047619047 0.28108465608465605
