1 0.43266369047619047 0.6392195767195766 0.11731150793650794 0.5978835978835979
1 0.7393353174603174 0.7008928571428571 0.18303571428571427 0.4844576719576719
3 0.7250744047619048 0.8506944444444444 0.18129960317460317 0.2986111111111111
3 0.2476438492063492 0.789021164021164 0.1956845238095238 0.4219576719576719
3 0.18229166666666666 0.6899801587301587 0.11061507936507936 0.30522486772486773
2 0.18936011904761904 0.5044642857142857 0.15352182539682538 0.11937830687830688
2 0.3359375 0.48908730158730157 0.13169642857142858 0.14484126984126983
2 0.6129712301587301 0.48478835978835977 0.10788690476190475 0.10052910052910052
2 0.8757440476190476 0.4904100529100529 0.15079365079365079 0.14748677248677247
0 0.8596230158730158 0.6412037037037037 0.1468253968253968 0.1997354497354497
0 0.5248015873015873 0.7149470899470899 0.583829365079365 0.3472222222222222
