2 0.7005621693121693 0.6262400793650793 0.13392857142857142 0.13095238095238093
2 0.7137896825396824 0.9221230158730158 0.3118386243386243 0.15575396825396826
2 0.6926256613756613 0.347594246031746 0.19675925925925924 0.17137896825396826
2 0.7012235449735449 0.0812251984126984 0.07242063492063491 0.09697420634920634
3 0.6101190476190476 0.07601686507936507 0.15740740740740738 0.11929563492063491
3 0.6193783068783069 0.39298115079365076 0.17328042328042326 0.09449404761904762
3 0.6155753968253967 0.5725446428571428 0.15906084656084654 0.07068452380952381
3 0.6541005291005291 0.6846478174603174 0.18584656084656084 0.12524801587301587
3 0.275297619047619 0.5081845238095238 0.5433201058201058 0.2609126984126984
3 0.2524801587301587 0.1671626984126984 0.5042989417989417 0.33382936507936506
1 0.41550925925925924 0.47557043650793646 0.5433201058201058 0.3023313492063492
