1 0.38938492063492064 0.5081845238095238 0.7781084656084656 0.22569444444444442
3 0.4966931216931217 0.5949900793650793 0.31481481481481477 0.10168650793650794
3 0.5281084656084656 0.3067956349206349 0.12896825396825395 0.08283730158730158
3 0.539021164021164 0.2435515873015873 0.10714285714285714 0.053075396825396824
3 0.5706018518518519 0.18576388888888887 0.20469576719576718 0.04613095238095238
3 0.5492724867724867 0.14620535714285712 0.14947089947089948 0.04241071428571428
0 0.5099206349206349 0.07589285714285714 0.15277777777777776 0.08630952380952381
2 0.613095238095238 0.06535218253968253 0.06944444444444445 0.07911706349206349
2 0.6225198412698413 0.24776785714285712 0.059854497354497355 0.08035714285714285
2 0.6413690476190476 0.44084821428571425 0.10085978835978836 0.07663690476190475
2 0.6335978835978836 0.6155753968253967 0.08796296296296297 0.0744047619047619
2 0.62880291005291 0.8306051587301587 0.1259920634920635 0.14533730158730157
