3 0.4305555555555555 0.3074156746031746 0.07076719576719576 0.08854166666666666
3 0.3501984126984127 0.30443948412698413 0.03306878306878307 0.08010912698412698
3 0.3171296296296296 0.33221726190476186 0.0582010582010582 0.09796626984126984
3 0.29745370370370366 0.34635416666666663 0.07572751322751323 0.11929563492063491
3 0.2509920634920635 0.3976934523809524 0.061507936507936505 0.15600198412698413
3 0.16517857142857142 0.421875 0.1511243386243386 0.23263888888888887
3 0.04580026455026455 0.511780753968254 0.09093915343915343 0.3177083333333333
2 0.43535052910052907 0.24541170634920634 0.12136243386243385 0.04241071428571428
2 0.29034391534391535 0.251860119047619 0.07738095238095238 0.05778769841269841
2 0.19758597883597884 0.2647569444444444 0.12136243386243385 0.07911706349206349
2 0.05671296296296296 0.29030257936507936 0.11276455026455026 0.10143849206349206
1 0.5676256613756614 0.49280753968253965 0.29133597883597884 0.7524801587301587
