4 0.4948743386243386 0.6375248015873015 0.9804894179894179 0.3509424603174603
3 0.32705026455026454 0.6276041666666666 0.18187830687830686 0.3038194444444444
3 0.595734126984127 0.5804811507936508 0.09424603174603174 0.18973214285714285
3 0.6924603174603174 0.5277777777777778 0.12566137566137564 0.19345238095238093
3 0.7809193121693121 0.5122767857142857 0.08432539682539682 0.13268849206349206
3 0.8536706349206349 0.486235119047619 0.10416666666666666 0.13516865079365079
2 0.22784391534391532 0.47011408730158727 0.33399470899470896 0.1624503968253968
2 0.6246693121693121 0.43229166666666663 0.16203703703703703 0.0992063492063492
2 0.8139880952380952 0.4093501984126984 0.1240079365079365 0.07316468253968253
2 0.9776785714285714 0.40625 0.04464285714285714 0.05704365079365079
1 0.49652777777777773 0.5544394841269841 0.2595899470899471 0.4501488095238095
