1 0.6666666666666666 0.5629960317460317 0.27248677248677244 0.5550595238095237
3 0.4981812169312169 0.6121031746031745 0.14649470899470898 0.18055555555555555
3 0.33994708994708994 0.5088045634920635 0.12301587301587301 0.17485119047619047
3 0.24933862433862433 0.48226686507936506 0.0992063492063492 0.13814484126984125
3 0.26769179894179895 0.42311507936507936 0.059854497354497355 0.060019841269841265
3 0.029265873015873016 0.4579613095238095 0.057870370370370364 0.07068452380952381
2 0.07258597883597884 0.38777281746031744 0.144510582010582 0.06969246031746032
2 0.4439484126984127 0.4072420634920635 0.16038359788359788 0.07787698412698413
2 0.5778769841269841 0.39657738095238093 0.08829365079365079 0.059027777777777776
0 0.3072089947089947 0.5719246031746031 0.6137566137566137 0.22569444444444442
