1 0.5734126984126984 0.5372023809523809 0.2744708994708995 0.48363095238095233
2 0.2501653439153439 0.42249503968253965 0.2562830687830688 0.1277281746031746
2 0.7602513227513227 0.3753720238095238 0.09259259259259259 0.06572420634920635
2 0.9429563492063492 0.37723214285714285 0.11408730158730158 0.06448412698412698
3 0.07357804232804233 0.630828373015873 0.14649470899470898 0.3187003968253968
3 0.3386243386243386 0.5595238095238095 0.16203703703703703 0.2405753968253968
3 0.48578042328042326 0.5477430555555556 0.07275132275132275 0.1029265873015873
3 0.7180886243386243 0.46775793650793646 0.07109788359788359 0.12152777777777778
3 0.7883597883597884 0.4516369047619047 0.08267195767195767 0.11160714285714285
3 0.9404761904761905 0.43985615079365076 0.08928571428571427 0.1029265873015873
4 0.5006613756613756 0.5669642857142857 0.9986772486772486 0.2802579365079365
