1 0.42956349206349204 0.6101190476190476 0.20634920634920634 0.7797619047619048
1 0.6438492063492063 0.44907407407407407 0.11904761904761904 0.37037037037037035
3 0.8348214285714285 0.6527777777777778 0.1121031746031746 0.2777777777777778
3 0.9330357142857142 0.7083333333333333 0.13392857142857142 0.3386243386243386
3 0.8209325396825397 0.4775132275132275 0.09424603174603174 0.1388888888888889
3 0.9712301587301587 0.4768518518518518 0.057539682539682536 0.16137566137566137
3 0.30902777777777773 0.41997354497354494 0.05654761904761904 0.08994708994708994
2 0.23263888888888887 0.3630952380952381 0.06051587301587301 0.06878306878306878
2 0.5119047619047619 0.36507936507936506 0.06547619047619047 0.05423280423280423
2 0.9032738095238094 0.3829365079365079 0.09027777777777778 0.10317460317460317
0 0.07291666666666666 0.5158730158730158 0.13988095238095238 0.18915343915343913
