0 0.507771164021164 0.634548611111111 0.9844576719576719 0.5255456349206349
3 0.8052248677248677 0.41555059523809523 0.2566137566137566 0.16294642857142858
3 0.5067791005291005 0.39657738095238093 0.11342592592592592 0.07093253968253968
3 0.2794312169312169 0.3699156746031746 0.1025132275132275 0.13814484126984125
3 0.34540343915343913 0.3428819444444444 0.09292328042328042 0.11929563492063491
3 0.3857473544973545 0.322172619047619 0.04728835978835978 0.10615079365079365
3 0.42427248677248675 0.31919642857142855 0.04894179894179894 0.09077380952380952
3 0.4973544973544973 0.30084325396825395 0.09126984126984126 0.07787698412698413
2 0.4722222222222222 0.251860119047619 0.082010582010582 0.05084325396825397
2 0.42344576719576715 0.25768849206349204 0.07903439153439153 0.06498015873015872
2 0.33366402116402116 0.2578125 0.09788359788359788 0.06274801587301587
2 0.19659391534391532 0.27021329365079366 0.1259920634920635 0.11334325396825397
5 0.9525462962962963 0.2867063492063492 0.08498677248677249 0.19146825396825395
