0 0.7258597883597884 0.40600198412698413 0.5482804232804233 0.4841269841269841
3 0.4360119047619047 0.4196428571428571 0.45337301587301587 0.5421626984126984
3 0.6147486772486772 0.7562003968253967 0.5304232804232804 0.48759920634920634
3 0.943121693121693 0.15091765873015872 0.11044973544973544 0.169890873015873
3 0.7958002645502645 0.11780753968253968 0.09623015873015872 0.1324404761904762
3 0.7210648148148148 0.11904761904761904 0.10085978835978836 0.13938492063492064
3 0.628968253968254 0.11607142857142856 0.11177248677248677 0.13839285714285712
3 0.5423280423280423 0.09412202380952381 0.08002645502645503 0.1440972222222222
3 0.45023148148148145 0.08829365079365079 0.10416666666666666 0.14632936507936506
2 0.8541666666666666 0.04836309523809523 0.16865079365079363 0.09623015873015872
2 0.6006944444444444 0.0248015873015873 0.07705026455026455 0.049107142857142856
