2 0.26355820105820105 0.29675099206349204 0.3796296296296296 0.2041170634920635
2 0.7045304232804233 0.24305555555555555 0.12136243386243385 0.1324404761904762
2 0.8194444444444444 0.2075892857142857 0.1025132275132275 0.0734126984126984
2 0.8998015873015872 0.2034970238095238 0.07076719576719576 0.06969246031746032
2 0.9652777777777777 0.19928075396825395 0.06613756613756613 0.05679563492063492
3 0.9738756613756613 0.251860119047619 0.052248677248677246 0.09102182539682539
3 0.9305555555555555 0.2648809523809524 0.07539682539682539 0.10763888888888888
3 0.8564814814814814 0.29848710317460314 0.06613756613756613 0.12276785714285714
3 0.7800925925925926 0.33754960317460314 0.08333333333333333 0.17013888888888887
3 0.46841931216931215 0.7188740079365079 0.5148809523809523 0.5314980158730158
0 0.6195436507936508 0.6427331349206349 0.7609126984126984 0.5964781746031745
