0 0.6959325396825397 0.638640873015873 0.6081349206349206 0.46527777777777773
3 0.5021494708994708 0.7130456349206349 0.4474206349206349 0.47470238095238093
3 0.11276455026455026 0.8967013888888888 0.22486772486772486 0.2065972222222222
3 0.7919973544973544 0.3699156746031746 0.06613756613756613 0.140625
3 0.8698743386243386 0.3380456349206349 0.07374338624338624 0.1359126984126984
3 0.9242724867724867 0.31919642857142855 0.06613756613756613 0.1240079365079365
3 0.9399801587301587 0.31510416666666663 0.03141534391534391 0.10143849206349206
3 0.9794973544973544 0.290922619047619 0.041005291005291 0.08630952380952381
2 0.9770171957671957 0.23586309523809523 0.04596560846560846 0.0496031746031746
2 0.9313822751322751 0.23301091269841268 0.06779100529100529 0.05778769841269841
2 0.8541666666666666 0.24541170634920634 0.08333333333333333 0.0662202380952381
2 0.7390873015873015 0.2666170634920635 0.11507936507936507 0.10863095238095237
2 0.3298611111111111 0.3256448412698413 0.38260582010582006 0.17956349206349206
2 0.07093253968253968 0.3604910714285714 0.1412037037037037 0.15947420634920634
