0 0.7180886243386243 0.3570188492063492 0.5638227513227513 0.3931051587301587
0 0.9242724867724867 0.15687003968253968 0.15145502645502645 0.11582341269841269
3 0.45965608465608465 0.5471230158730158 0.5449735449735449 0.7336309523809523
3 0.8668981481481481 0.8554067460317459 0.26620370370370366 0.2891865079365079
3 0.7604166666666666 0.10776289682539682 0.1292989417989418 0.16195436507936506
3 0.5793650793650793 0.10069444444444443 0.1164021164021164 0.1617063492063492
3 0.4889219576719576 0.10019841269841269 0.14318783068783067 0.18204365079365079
3 0.3864087301587301 0.08655753968253968 0.10548941798941798 0.14285714285714285
3 0.27480158730158727 0.07056051587301587 0.0992063492063492 0.1277281746031746
3 0.18171296296296297 0.07291666666666666 0.1273148148148148 0.14186507936507936
