1 0.330109126984127 0.44146825396825395 0.16418650793650794 0.5595238095238095
1 0.4202628968253968 0.47833994708994704 0.13467261904761904 0.48048941798941797
3 0.3134920634920635 0.7640542328042328 0.33283730158730157 0.47189153439153436
3 0.5843253968253967 0.4262566137566137 0.06597222222222222 0.11706349206349206
3 0.6573660714285714 0.43700396825396826 0.07068452380952381 0.13128306878306878
2 0.5481150793650793 0.33134920634920634 0.08680555555555555 0.06746031746031746
2 0.7131696428571428 0.3429232804232804 0.1212797619047619 0.10582010582010581
2 0.9507688492063492 0.3525132275132275 0.09846230158730158 0.1349206349206349
0 0.7317708333333333 0.6919642857142857 0.5111607142857143 0.45006613756613756
0 0.4956597222222222 0.439484126984127 0.1515376984126984 0.1283068783068783
