2 0.7873677248677248 0.027777777777777776 0.1984126984126984 0.05505952380952381
2 0.8763227513227513 0.2955109126984127 0.24735449735449733 0.17832341269841268
3 0.8903769841269841 0.1171875 0.08961640211640211 0.140625
3 0.7526455026455026 0.09424603174603174 0.10383597883597884 0.13938492063492064
3 0.6716269841269841 0.09126984126984126 0.0992063492063492 0.14533730158730157
3 0.5793650793650793 0.08717757936507936 0.09788359788359788 0.1416170634920635
3 0.48561507936507936 0.06646825396825397 0.07705026455026455 0.12648809523809523
3 0.3857473544973545 0.06498015873015872 0.09755291005291004 0.1294642857142857
3 0.3880621693121693 0.3923611111111111 0.3700396825396825 0.523313492063492
3 0.6408730158730158 0.7538442460317459 0.5291005291005291 0.4923115079365079
0 0.7061838624338624 0.3771081349206349 0.5876322751322751 0.49479166666666663
