5 0.9479166666666666 0.2761656746031746 0.10416666666666666 0.18427579365079363
3 0.5076058201058201 0.2962549603174603 0.07076719576719576 0.08506944444444443
3 0.45006613756613756 0.30803571428571425 0.06613756613756613 0.09672619047619047
3 0.402281746031746 0.31386408730158727 0.05191798941798942 0.10143849206349206
3 0.34788359788359785 0.3309771825396825 0.08796296296296297 0.11235119047619047
3 0.29910714285714285 0.3717757936507936 0.13525132275132273 0.12996031746031744
2 0.19675925925925924 0.26612103174603174 0.13558201058201058 0.09573412698412698
2 0.3273809523809524 0.25483630952380953 0.10383597883597884 0.08010912698412698
2 0.4029431216931217 0.2483878968253968 0.07572751322751323 0.06026785714285714
2 0.4713955026455026 0.2507440476190476 0.06779100529100529 0.04613095238095238
3 0.8116732804232804 0.39893353174603174 0.23776455026455026 0.12971230158730157
3 0.5219907407407407 0.3852926587301587 0.1306216931216931 0.06026785714285714
0 0.507771164021164 0.6262400793650793 0.9844576719576719 0.523313492063492
