0 0.9227843915343915 0.48338293650793646 0.15443121693121692 0.15476190476190477
3 0.925760582010582 0.40600198412698413 0.08167989417989417 0.10416666666666666
3 0.8219246031746031 0.40426587301587297 0.07242063492063491 0.10267857142857142
3 0.7486772486772486 0.3954613095238095 0.07076719576719576 0.08506944444444443
3 0.6729497354497355 0.39471726190476186 0.07076719576719576 0.08854166666666666
3 0.5911044973544973 0.3852926587301587 0.06779100529100529 0.08854166666666666
2 0.8556547619047619 0.3552827380952381 0.15906084656084654 0.07316468253968253
2 0.6164021164021164 0.3369295634920635 0.07076719576719576 0.04389880952380952
1 0.4376653439153439 0.5093005952380952 0.27414021164021163 0.582093253968254
0 0.05737433862433862 0.45213293650793646 0.10548941798941798 0.11805555555555555
