2 0.7943121693121693 0.3700396825396825 0.373015873015873 0.25396825396825395
2 0.6377314814814814 0.232390873015873 0.2708333333333333 0.17261904761904762
1 0.4343584656084656 0.43018353174603174 0.642526455026455 0.8539186507936507
3 0.2612433862433862 0.6829117063492063 0.5198412698412698 0.5538194444444444
3 0.5178571428571428 0.08705357142857142 0.1607142857142857 0.11805555555555555
3 0.9163359788359788 0.08829365079365079 0.1164021164021164 0.16765873015873015
3 0.8430886243386243 0.07465277777777778 0.13988095238095238 0.14285714285714285
3 0.7392526455026455 0.057291666666666664 0.09623015873015872 0.11408730158730158
3 0.597387566137566 0.05493551587301587 0.15575396825396826 0.109375
0 0.7007275132275131 0.5548115079365079 0.5985449735449735 0.8903769841269841
