3 0.40625 0.7874503968253967 0.560515873015873 0.42509920634920634
3 0.22337962962962962 0.39360119047619047 0.19212962962962962 0.2891865079365079
3 0.34788359788359785 0.23412698412698413 0.09788359788359788 0.11458333333333333
3 0.27149470899470896 0.24900793650793648 0.0992063492063492 0.12748015873015872
3 0.17857142857142855 0.2093253968253968 0.07407407407407407 0.09077380952380952
3 0.09821428571428571 0.23945932539682538 0.08664021164021163 0.13219246031746032
1 0.523313492063492 0.5140128968253967 0.5148809523809523 0.7735615079365079
2 0.7076719576719577 0.43898809523809523 0.2222222222222222 0.17708333333333331
2 0.8217592592592592 0.16567460317460317 0.22685185185185183 0.1359126984126984
2 0.20072751322751323 0.15500992063492064 0.07407407407407407 0.053075396825396824
0 0.7124669312169312 0.2873263888888889 0.28207671957671954 0.11681547619047618
