0 0.8053902116402116 0.3091517857142857 0.31977513227513227 0.1416170634920635
2 0.8888888888888888 0.21825396825396826 0.2222222222222222 0.17956349206349206
2 0.580191798941799 0.17683531746031744 0.17162698412698413 0.10168650793650794
2 0.345568783068783 0.15674603174603174 0.1025132275132275 0.07093253968253968
3 0.21875 0.23598710317460317 0.10416666666666666 0.12524801587301587
3 0.2848875661375661 0.21701388888888887 0.07572751322751323 0.12301587301587301
3 0.26769179894179895 0.2997271825396825 0.17956349206349206 0.11334325396825397
3 0.28637566137566134 0.7850942460317459 0.5006613756613756 0.417906746031746
1 0.548611111111111 0.5152529761904762 0.6157407407407407 0.8112599206349206
2 0.7288359788359788 0.4786706349206349 0.2361111111111111 0.18303571428571427
2 0.5163690476190476 0.37115575396825395 0.11342592592592592 0.09350198412698413
