2 0.7022156084656084 0.17993551587301587 0.22056878306878305 0.12872023809523808
2 0.33597883597883593 0.17571924603174602 0.19047619047619047 0.10143849206349206
2 0.0755621693121693 0.16927083333333331 0.1259920634920635 0.06969246031746032
2 0.12119708994708994 0.2435515873015873 0.09755291005291004 0.10515873015873015
2 0.20684523809523808 0.2535962301587301 0.1087962962962963 0.13219246031746032
2 0.2865410052910053 0.23821924603174602 0.11011904761904762 0.13219246031746032
2 0.4021164021164021 0.23834325396825395 0.0958994708994709 0.09226190476190475
3 0.17774470899470898 0.4066220238095238 0.29927248677248675 0.33655753968253965
2 0.7447089947089947 0.4419642857142857 0.23941798941798942 0.2018849206349206
1 0.5540674603174602 0.5105406746031745 0.4976851851851852 0.7879464285714285
3 0.44940476190476186 0.8034474206349206 0.5119047619047619 0.38616071428571425
