2 0.9336970899470899 0.37289186507936506 0.1326058201058201 0.07316468253968253
2 0.6233465608465608 0.3753720238095238 0.15740740740740738 0.08506944444444443
2 0.25496031746031744 0.376984126984127 0.22023809523809523 0.09325396825396826
3 0.9502314814814814 0.44494047619047616 0.09953703703703703 0.12748015873015872
3 0.6369047619047619 0.4290674603174603 0.08664021164021163 0.12152777777777778
3 0.48247354497354494 0.4774305555555555 0.11177248677248677 0.1359126984126984
3 0.27546296296296297 0.46676587301587297 0.16997354497354497 0.17609126984126983
3 0.04497354497354497 0.4716021825396825 0.08928571428571427 0.17137896825396826
1 0.7880291005291005 0.5601438492063492 0.3386243386243386 0.6837797619047619
4 0.50380291005291 0.47978670634920634 0.9923941798941799 0.21602182539682538
