3 0.9518849206349206 0.2364831349206349 0.09623015873015872 0.15947420634920634
3 0.8761574074074073 0.22519841269841268 0.09292328042328042 0.13938492063492064
3 0.8068783068783069 0.21887400793650794 0.08002645502645503 0.13814484126984125
3 0.7409060846560847 0.20287698412698413 0.09292328042328042 0.13442460317460317
3 0.6471560846560847 0.2052331349206349 0.09126984126984126 0.12971230158730157
2 0.7919973544973544 0.13430059523809523 0.13227513227513227 0.07564484126984126
2 0.9684193121693121 0.14149305555555555 0.06316137566137565 0.08754960317460317
2 0.8344907407407407 0.5276537698412698 0.308531746031746 0.20808531746031744
2 0.6856812169312169 0.39298115079365076 0.23776455026455026 0.1416170634920635
1 0.5006613756613756 0.5523313492063492 0.5165343915343915 0.8928571428571428
3 0.26438492063492064 0.7726934523809523 0.513558201058201 0.45461309523809523
