3 0.9479166666666666 0.23127480158730157 0.10416666666666666 0.17237103174603174
3 0.8721891534391534 0.21825396825396826 0.07242063492063491 0.1488095238095238
3 0.8022486772486772 0.21763392857142855 0.08664021164021163 0.14310515873015872
3 0.7233796296296295 0.19221230158730157 0.09292328042328042 0.1369047619047619
3 0.6383928571428571 0.19283234126984125 0.08961640211640211 0.12624007936507936
2 0.7872023809523809 0.1212797619047619 0.10416666666666666 0.08035714285714285
2 0.97635582010582 0.14149305555555555 0.04728835978835978 0.09201388888888888
2 0.7934854497354497 0.5695684523809523 0.3621031746031746 0.21850198412698413
2 0.6691468253968254 0.4055059523809524 0.26157407407407407 0.16418650793650794
1 0.425760582010582 0.5306299603174602 0.6378968253968254 0.9317956349206349
3 0.20304232804232802 0.7962549603174602 0.3935185185185185 0.40749007936507936
