1 0.4872685185185185 0.543030753968254 0.5810185185185185 0.913938492063492
3 0.2534722222222222 0.7667410714285714 0.4818121693121693 0.4640376984126984
2 0.8014219576719577 0.5004960317460317 0.267526455026455 0.2242063492063492
2 0.5998677248677249 0.3794642857142857 0.22023809523809523 0.13343253968253968
2 0.8627645502645502 0.14322916666666666 0.18253968253968253 0.08854166666666666
2 0.6281415343915343 0.12958829365079363 0.09755291005291004 0.06374007936507936
3 0.7880291005291005 0.23412698412698413 0.12103174603174602 0.1572420634920635
3 0.7179232804232804 0.22941468253968253 0.09126984126984126 0.14781746031746032
3 0.6509589947089947 0.2218501984126984 0.08035714285714285 0.12524801587301587
3 0.5722552910052909 0.19394841269841268 0.07705026455026455 0.1240079365079365
