1 0.5436507936507936 0.527281746031746 0.453042328042328 0.3472222222222222
3 0.9636243386243386 0.2048611111111111 0.07275132275132275 0.11408730158730158
3 0.8735119047619048 0.2228422619047619 0.11078042328042327 0.12524801587301587
3 0.7685185185185185 0.2265625 0.11904761904761904 0.14756944444444445
3 0.6329365079365079 0.25632440476190477 0.11904761904761904 0.13516865079365079
3 0.45436507936507936 0.26004464285714285 0.1554232804232804 0.19469246031746032
3 0.25595238095238093 0.2805059523809524 0.16534391534391535 0.1909722222222222
2 0.4196428571428571 0.1732390873015873 0.22486772486772486 0.10788690476190475
2 0.7230489417989417 0.1515376984126984 0.16699735449735448 0.08928571428571427
2 0.9545304232804233 0.13479662698412698 0.09093915343915343 0.07564484126984126
