2 0.9371693121693121 0.04923115079365079 0.12566137566137564 0.06572420634920635
2 0.6742724867724867 0.06473214285714285 0.18518518518518517 0.08680555555555555
2 0.3220899470899471 0.08643353174603174 0.2612433862433862 0.10788690476190475
3 0.9520502645502645 0.12859623015873015 0.0958994708994709 0.12524801587301587
3 0.8239087301587301 0.1409970238095238 0.10085978835978836 0.13020833333333331
3 0.6974206349206349 0.1515376984126984 0.11904761904761904 0.16865079365079363
3 0.5519179894179894 0.17571924603174602 0.11904761904761904 0.15004960317460317
3 0.36177248677248675 0.17819940476190474 0.15873015873015872 0.19469246031746032
3 0.12202380952380952 0.20548115079365079 0.1917989417989418 0.21701388888888887
4 0.5064484126984127 0.17075892857142858 0.9871031746031745 0.28893849206349204
1 0.488260582010582 0.5861855158730158 0.8680555555555555 0.4774305555555555
