0 0.7371031746031745 0.1763392857142857 0.5257936507936508 0.20089285714285712
2 0.7743055555555555 0.12053571428571427 0.08432539682539682 0.0496031746031746
2 0.9074074074074073 0.12487599206349205 0.0958994708994709 0.06076388888888889
2 0.8321759259259259 0.06101190476190476 0.1636904761904762 0.07688492063492063
2 0.5378637566137566 0.038070436507936505 0.1802248677248677 0.07564484126984126
2 0.20386904761904762 0.030009920634920632 0.19014550264550265 0.05952380952380952
3 0.9371693121693121 0.22470238095238093 0.12566137566137564 0.14632936507936506
3 0.546957671957672 0.17385912698412698 0.1488095238095238 0.1909722222222222
3 0.3576388888888889 0.10007440476190475 0.10747354497354497 0.13020833333333331
3 0.15922619047619047 0.09945436507936507 0.15046296296296297 0.14384920634920634
1 0.5205026455026455 0.6023065476190476 0.42328042328042326 0.5245535714285714
