4 0.5221560846560847 0.16703869047619047 0.9556878306878306 0.24925595238095236
1 0.5064484126984127 0.5539434523809523 0.851521164021164 0.35590277777777773
3 0.9297288359788359 0.1484375 0.1240079365079365 0.19717261904761904
3 0.7610780423280423 0.1657986111111111 0.15707671957671956 0.16493055555555555
3 0.5626653439153438 0.16083829365079363 0.15707671957671956 0.19469246031746032
3 0.3237433862433862 0.16703869047619047 0.18187830687830686 0.20709325396825395
3 0.08928571428571427 0.20176091269841268 0.1779100529100529 0.18477182539682538
2 0.8974867724867724 0.0560515873015873 0.205026455026455 0.09424603174603174
2 0.5494378306878307 0.06473214285714285 0.24966931216931215 0.10912698412698413
2 0.0958994708994709 0.06163194444444444 0.19113756613756613 0.10540674603174603
