2 0.6767526455026455 0.028149801587301584 0.11408730158730158 0.055803571428571425
2 0.7924933862433862 0.03869047619047619 0.10085978835978836 0.07688492063492063
2 0.3369708994708995 0.027529761904761904 0.1984126984126984 0.054563492063492064
2 0.37830687830687826 0.09201388888888888 0.11904761904761904 0.08928571428571427
2 0.5271164021164021 0.09077380952380952 0.1025132275132275 0.06200396825396825
3 0.5353835978835979 0.05295138888888889 0.17195767195767195 0.07068452380952381
3 0.595734126984127 0.1980406746031746 0.17691798941798942 0.21949404761904762
3 0.12648809523809523 0.17509920634920634 0.2523148148148148 0.2306547619047619
0 0.4246031746031746 0.17571924603174602 0.8134920634920635 0.2442956349206349
1 0.548611111111111 0.5043402777777778 0.5423280423280423 0.5022321428571428
