4 0.6712549603174602 0.5502645502645502 0.5905257936507936 0.2123015873015873
2 0.4541170634920635 0.44775132275132273 0.10119047619047619 0.1349206349206349
2 0.6696428571428571 0.49107142857142855 0.16220238095238093 0.15013227513227512
3 0.5871775793650793 0.7516534391534391 0.10788690476190475 0.26455026455026454
3 0.6726190476190476 0.6774140211640212 0.10317460317460317 0.3118386243386243
3 0.5829613095238095 0.5851521164021164 0.07614087301587301 0.1273148148148148
3 0.5013640873015873 0.6030092592592592 0.0771329365079365 0.20337301587301587
3 0.4169146825396825 0.5515873015873015 0.07043650793650794 0.16666666666666666
1 0.27046130952380953 0.6583994708994708 0.25471230158730157 0.6832010582010581
1 0.8118799603174602 0.611276455026455 0.2249503968253968 0.5532407407407407
