2 0.6006944444444444 0.06721230158730158 0.14715608465608465 0.06944444444444445
2 0.3716931216931217 0.08457341269841269 0.20171957671957672 0.09176587301587301
2 0.06861772486772487 0.09697420634920634 0.13657407407407407 0.08928571428571427
3 0.909887566137566 0.14285714285714285 0.09093915343915343 0.11408730158730158
3 0.597387566137566 0.1372767857142857 0.0777116402116402 0.13020833333333331
3 0.5064484126984127 0.15773809523809523 0.10416666666666666 0.1314484126984127
3 0.4039351851851852 0.1583581349206349 0.1240079365079365 0.15749007936507936
3 0.2666997354497354 0.17757936507936506 0.14384920634920634 0.1488095238095238
3 0.08432539682539682 0.19680059523809523 0.16798941798941797 0.19965277777777776
1 0.46759259259259256 0.6029265873015872 0.6746031746031745 0.5877976190476191
