4 0.5006613756613756 0.2507440476190476 0.9986772486772486 0.21329365079365079
2 0.833829365079365 0.12487599206349205 0.11739417989417988 0.06820436507936507
2 0.5949074074074073 0.13603670634920634 0.17526455026455026 0.09300595238095237
2 0.26587301587301587 0.15277777777777776 0.2447089947089947 0.10912698412698413
3 0.8429232804232804 0.19308035714285712 0.11574074074074073 0.1376488095238095
3 0.7371031746031745 0.21292162698412698 0.09259259259259259 0.11780753968253968
3 0.623015873015873 0.2154017857142857 0.12566137566137564 0.15749007936507936
3 0.48908730158730157 0.23958333333333331 0.12566137566137564 0.15376984126984125
3 0.3179563492063492 0.25136408730158727 0.18683862433862433 0.19717261904761904
3 0.08680555555555555 0.267485119047619 0.17294973544973544 0.20213293650793648
1 0.4907407407407407 0.6103670634920635 0.8432539682539683 0.38690476190476186
