2 0.9512235449735449 0.0913938492063492 0.09755291005291004 0.08804563492063491
2 0.7288359788359788 0.09759424603174603 0.15873015873015872 0.08060515873015872
2 0.40476190476190477 0.12053571428571427 0.23148148148148145 0.0992063492063492
3 0.20634920634920634 0.24888392857142855 0.20171957671957672 0.2269345238095238
3 0.4485780423280423 0.22098214285714285 0.13392857142857142 0.1984126984126984
3 0.6221891534391534 0.21664186507936506 0.14054232804232802 0.16493055555555555
3 0.757771164021164 0.18687996031746032 0.13723544973544974 0.17485119047619047
3 0.8726851851851851 0.1831597222222222 0.11904761904761904 0.15749007936507936
3 0.9669312169312169 0.17695932539682538 0.06613756613756613 0.11036706349206349
1 0.5386904761904762 0.5496031746031745 0.5753968253968254 0.4365079365079365
