1 0.48908730158730157 0.5843253968253967 0.41666666666666663 0.46875
3 0.7759589947089947 0.20424107142857142 0.15707671957671956 0.19469246031746032
2 0.8363095238095237 0.08333333333333333 0.16203703703703703 0.09672619047619047
2 0.5138888888888888 0.055431547619047616 0.16203703703703703 0.08804563492063491
2 0.22288359788359788 0.037450396825396824 0.0992063492063492 0.06944444444444445
3 0.6337632275132274 0.13913690476190477 0.10085978835978836 0.13640873015873015
3 0.4485780423280423 0.12735615079365079 0.10416666666666666 0.1376488095238095
3 0.3220899470899471 0.11433531746031746 0.07936507936507936 0.10416666666666666
3 0.27331349206349204 0.12425595238095237 0.10416666666666666 0.13640873015873015
0 0.8817791005291005 0.21788194444444442 0.23644179894179893 0.20213293650793648
