1 0.45023148148148145 0.5930059523809523 0.42162698412698413 0.496031746031746
3 0.9355158730158729 0.2079613095238095 0.12896825396825395 0.169890873015873
3 0.5676256613756614 0.15649801587301587 0.16038359788359788 0.17609126984126983
3 0.37582671957671954 0.10255456349206349 0.09755291005291004 0.13516865079365079
3 0.19477513227513227 0.10193452380952381 0.16865079365079363 0.14632936507936506
3 0.045469576719576715 0.09759424603174603 0.09027777777777778 0.13268849206349206
3 0.9495701058201058 0.12363591269841269 0.10085978835978836 0.09300595238095237
2 0.8619378306878306 0.04117063492063492 0.15707671957671956 0.07688492063492063
2 0.5403439153439153 0.035590277777777776 0.17857142857142855 0.07068452380952381
2 0.22371031746031744 0.029389880952380952 0.2166005291005291 0.05828373015873015
2 0.7809193121693121 0.10813492063492063 0.11078042328042327 0.06696428571428571
2 0.9322089947089947 0.12363591269841269 0.08928571428571427 0.06572420634920635
0 0.7428902116402116 0.16703869047619047 0.5142195767195767 0.21205357142857142
