0 0.5548115079365079 0.6863425925925926 0.8422619047619048 0.517526455026455
3 0.8257688492063492 0.4561838624338624 0.18229166666666666 0.22519841269841268
2 0.7765376984126984 0.2868716931216931 0.10317460317460317 0.10284391534391533
2 0.9688740079365079 0.2564484126984127 0.06225198412698412 0.07506613756613756
3 0.9717261904761905 0.36193783068783064 0.05654761904761904 0.17691798941798942
2 0.6258680555555555 0.29712301587301587 0.16195436507936506 0.12334656084656084
2 0.2562003968253968 0.3493716931216931 0.23363095238095236 0.1564153439153439
2 0.054563492063492064 0.3549933862433862 0.10863095238095237 0.11673280423280423
4 0.21180555555555555 0.44080687830687826 0.408234126984127 0.12566137566137564
4 0.7513640873015872 0.36259920634920634 0.49727182539682535 0.1121031746031746
