4 0.5014880952380952 0.22904265873015872 0.9970238095238094 0.2765376984126984
3 0.9652777777777777 0.2048611111111111 0.06944444444444445 0.15128968253968253
3 0.8445767195767195 0.20548115079365079 0.11904761904761904 0.17237103174603174
3 0.6883267195767195 0.22904265873015872 0.1207010582010582 0.15749007936507936
3 0.4907407407407407 0.23214285714285712 0.12896825396825395 0.18601190476190474
3 0.27248677248677244 0.25756448412698413 0.16534391534391535 0.19717261904761904
3 0.05869708994708994 0.2848462301587301 0.11673280423280423 0.15500992063492064
2 0.818121693121693 0.11681547619047618 0.17526455026455026 0.09672619047619047
2 0.4700727513227513 0.1409970238095238 0.24305555555555555 0.11532738095238095
2 0.06117724867724868 0.1552579365079365 0.12169312169312169 0.11408730158730158
1 0.4766865079365079 0.6215277777777778 0.8416005291005291 0.26537698412698413
