1 0.5279431216931216 0.5737847222222222 0.7820767195767195 0.27405753968253965
3 0.9561838624338623 0.2048611111111111 0.08763227513227513 0.12896825396825395
3 0.8412698412698412 0.2154017857142857 0.0992063492063492 0.13268849206349206
3 0.7379298941798942 0.2222222222222222 0.1207010582010582 0.15625
3 0.5924272486772486 0.24082341269841268 0.13723544973544974 0.1388888888888889
3 0.41633597883597884 0.2439236111111111 0.1488095238095238 0.1773313492063492
3 0.20221560846560846 0.26376488095238093 0.19675925925925924 0.19717261904761904
2 0.9404761904761905 0.12797619047619047 0.11904761904761904 0.0744047619047619
2 0.6982473544973544 0.13975694444444445 0.1802248677248677 0.08556547619047619
2 0.38657407407407407 0.15401785714285712 0.2414021164021164 0.10416666666666666
4 0.5023148148148148 0.26252480158730157 0.9953703703703703 0.24181547619047616
