4 0.4126984126984127 0.4249338624338624 0.6304563492063492 0.10449735449735449
3 0.6801835317460317 0.4821428571428571 0.041914682539682536 0.1349206349206349
3 0.6997767857142857 0.4401455026455026 0.04290674603174603 0.0992063492063492
3 0.6196676587301587 0.47271825396825395 0.06770833333333333 0.15376984126984125
3 0.2109375 0.5125661375661376 0.09350198412698413 0.0992063492063492
3 0.20138888888888887 0.7111441798941799 0.17559523809523808 0.3561507936507936
3 0.062127976190476185 0.6374007936507936 0.12375992063492063 0.3230820105820106
2 0.2079613095238095 0.421792328042328 0.10491071428571427 0.1259920634920635
2 0.5590277777777778 0.38227513227513227 0.07638888888888888 0.08796296296296297
2 0.6535218253968254 0.3664021164021164 0.06498015873015872 0.07142857142857142
1 0.4202628968253968 0.5739087301587301 0.3251488095238095 0.8521825396825397
1 0.8482142857142857 0.5560515873015873 0.30357142857142855 0.8878968253968254
