0 0.8255621693121693 0.16641865079365079 0.34887566137566134 0.1884920634920635
3 0.6875 0.16455853174603174 0.1554232804232804 0.19469246031746032
3 0.5163690476190476 0.10379464285714285 0.11739417989417988 0.12276785714285714
3 0.32953042328042326 0.10813492063492063 0.15376984126984125 0.13392857142857142
3 0.19477513227513227 0.10255456349206349 0.1025132275132275 0.11284722222222221
3 0.13111772486772486 0.1124751984126984 0.11078042328042327 0.13516865079365079
2 0.9545304232804233 0.047991071428571425 0.09093915343915343 0.06324404761904762
2 0.6899801587301587 0.03931051587301587 0.17691798941798942 0.078125
2 0.375 0.03311011904761905 0.21494708994708994 0.06572420634920635
2 0.07076719576719576 0.034970238095238096 0.11904761904761904 0.06944444444444445
1 0.5271164021164021 0.564484126984127 0.37367724867724866 0.4613095238095238
