3 0.4594494047619047 0.470734126984127 0.06770833333333333 0.1703042328042328
3 0.5328621031746031 0.4548611111111111 0.0964781746031746 0.11342592592592592
3 0.28955853174603174 0.562334656084656 0.14012896825396826 0.20601851851851852
3 0.38070436507936506 0.4948743386243386 0.1165674603174603 0.15773809523809523
3 0.9345238095238094 0.753637566137566 0.13095238095238093 0.40079365079365076
0 0.5744047619047619 0.7404100529100529 0.746031746031746 0.4933862433862434
0 0.08779761904761904 0.6316137566137566 0.17162698412698413 0.27579365079365076
2 0.058779761904761904 0.40773809523809523 0.11706349206349206 0.16666666666666666
2 0.357390873015873 0.4001322751322751 0.12698412698412698 0.10582010582010581
2 0.7016369047619048 0.4161706349206349 0.15922619047619047 0.13988095238095238
2 0.896329365079365 0.4300595238095238 0.1994047619047619 0.18816137566137564
