0 0.6750992063492063 0.17757936507936506 0.35218253968253965 0.22817460317460317
3 0.5171957671957672 0.18253968253968253 0.22156084656084654 0.21081349206349206
3 0.53125 0.1161954365079365 0.15707671957671956 0.15500992063492064
3 0.29150132275132273 0.12425595238095237 0.14054232804232802 0.17113095238095238
3 0.1832010582010582 0.12115575396825397 0.1521164021164021 0.15749007936507936
3 0.09970238095238095 0.13231646825396826 0.16038359788359788 0.15997023809523808
2 0.08680555555555555 0.03621031746031746 0.17294973544973544 0.07192460317460317
2 0.37996031746031744 0.04241071428571428 0.21825396825396826 0.08432539682539682
2 0.736276455026455 0.03311011904761905 0.20998677248677247 0.06076388888888889
1 0.552744708994709 0.49627976190476186 0.4976851851851852 0.5530753968253967
