1 0.5348462301587301 0.6564153439153438 0.09250992063492063 0.41997354497354494
4 0.5014880952380952 0.658234126984127 0.9970238095238094 0.20998677248677247
0 0.7007688492063492 0.7951388888888888 0.2527281746031746 0.2900132275132275
2 0.6597222222222222 0.5686177248677249 0.19345238095238093 0.16302910052910052
2 0.21378968253968253 0.5719246031746031 0.2232142857142857 0.15376984126984125
3 0.32626488095238093 0.8574735449735449 0.19469246031746032 0.28505291005291006
3 0.2876984126984127 0.6798941798941799 0.12301587301587301 0.11838624338624337
3 0.19084821428571427 0.7855489417989417 0.1450892857142857 0.3039021164021164
3 0.03695436507936508 0.755621693121693 0.0734126984126984 0.3101851851851852
3 0.9269593253968254 0.7594246031746031 0.1460813492063492 0.21858465608465608
