1 0.6006944444444444 0.5403025793650793 0.4976851851851852 0.5047123015873015
3 0.48164682539682535 0.25942460317460314 0.17691798941798942 0.2232142857142857
3 0.4700727513227513 0.1552579365079365 0.13392857142857142 0.10168650793650794
3 0.24437830687830686 0.19432043650793648 0.13227513227513227 0.169890873015873
3 0.14599867724867724 0.1837797619047619 0.10747354497354497 0.12648809523809523
3 0.057870370370370364 0.19184027777777776 0.11507936507936507 0.1525297619047619
2 0.05125661375661375 0.09945436507936507 0.10185185185185185 0.08680555555555555
2 0.32539682539682535 0.10255456349206349 0.22486772486772486 0.09052579365079365
2 0.6949404761904762 0.10441468253968253 0.24966931216931215 0.11904761904761904
0 0.6924603174603174 0.25260416666666663 0.41997354497354494 0.21949404761904762
