1 0.5652281746031745 0.5413359788359788 0.20882936507936506 0.8664021164021164
3 0.6010664682539683 0.7652116402116401 0.19270833333333331 0.4133597883597883
3 0.22519841269841268 0.36276455026455023 0.09523809523809523 0.26455026455026454
3 0.40451388888888884 0.29844576719576715 0.04563492063492063 0.14384920634920634
3 0.45126488095238093 0.3058862433862434 0.045882936507936505 0.13095238095238093
3 0.494171626984127 0.27116402116402116 0.03993055555555555 0.08399470899470898
0 0.1728670634920635 0.5006613756613756 0.34523809523809523 0.3677248677248677
2 0.07353670634920635 0.21197089947089945 0.11235119047619047 0.09523809523809523
2 0.34350198412698413 0.22337962962962962 0.06299603174603174 0.08035714285714285
2 0.4193948412698412 0.21494708994708994 0.048611111111111105 0.05092592592592592
4 0.25049603174603174 0.277281746031746 0.49107142857142855 0.12466931216931217
