1 0.5710565476190476 0.5049603174603174 0.21651785714285712 0.7936507936507936
3 0.6449652777777778 0.716765873015873 0.25570436507936506 0.4923941798941799
3 0.26438492063492064 0.390542328042328 0.10119047619047619 0.25925925925925924
3 0.43700396825396826 0.3091931216931217 0.059027777777777776 0.1402116402116402
3 0.4874751984126984 0.3098544973544973 0.07068452380952381 0.11838624338624337
3 0.5223214285714285 0.2786044973544973 0.04117063492063492 0.10416666666666666
3 0.13702876984126983 0.31035052910052907 0.0771329365079365 0.1068121693121693
0 0.18998015873015872 0.4809854497354497 0.3794642857142857 0.3561507936507936
2 0.13169642857142858 0.23032407407407407 0.13740079365079363 0.14517195767195767
2 0.25905257936507936 0.22073412698412698 0.04290674603174603 0.06977513227513227
2 0.38306051587301587 0.22387566137566137 0.06572420634920635 0.08134920634920634
2 0.4556051587301587 0.23230820105820105 0.05257936507936507 0.0625
