3 0.6759672619047619 0.4975198412698412 0.11334325396825397 0.2595899470899471
3 0.4861111111111111 0.45535714285714285 0.08878968253968253 0.23148148148148145
3 0.30443948412698413 0.37466931216931215 0.08010912698412698 0.09259259259259259
3 0.5571676587301587 0.7156084656084656 0.15451388888888887 0.3498677248677248
1 0.521453373015873 0.578207671957672 0.16691468253968253 0.6471560846560847
1 0.38876488095238093 0.3594576719576719 0.1267361111111111 0.408068783068783
2 0.6359126984126984 0.3239087301587301 0.1572420634920635 0.15376984126984125
2 0.35590277777777773 0.310515873015873 0.09722222222222221 0.11177248677248677
0 0.30629960317460314 0.4904100529100529 0.24404761904761904 0.2427248677248677
4 0.6040426587301587 0.44146825396825395 0.7919146825396824 0.28505291005291006
