1 0.5724206349206349 0.6309523809523809 0.09722222222222221 0.5496031746031745
1 0.2823660714285714 0.7275132275132274 0.2041170634920635 0.5291005291005291
3 0.2819940476190476 0.8472222222222222 0.20882936507936506 0.2876984126984127
3 0.7470238095238095 0.7837301587301587 0.1810515873015873 0.4325396825396825
3 0.8266369047619048 0.7022156084656084 0.14781746031746032 0.30787037037037035
0 0.4946676587301587 0.7314814814814814 0.6361607142857143 0.328042328042328
2 0.8247767857142857 0.5254629629629629 0.20907738095238093 0.19576719576719576
2 0.6707589285714285 0.4796626984126984 0.12971230158730157 0.1121031746031746
2 0.3974454365079365 0.48346560846560843 0.10788690476190475 0.09656084656084656
2 0.12834821428571427 0.4923941798941799 0.16691468253968253 0.1349206349206349
