4 0.7017609126984127 0.39831349206349204 0.5964781746031745 0.19080687830687829
3 0.9641617063492063 0.4611441798941799 0.0716765873015873 0.23511904761904762
3 0.724578373015873 0.42427248677248675 0.0716765873015873 0.2123015873015873
3 0.7745535714285714 0.39831349206349204 0.0744047619047619 0.17559523809523808
3 0.4817708333333333 0.4345238095238095 0.08010912698412698 0.16137566137566137
3 0.40079365079365076 0.562334656084656 0.18898809523809523 0.32837301587301587
2 0.4871031746031746 0.29910714285714285 0.11557539682539682 0.08895502645502645
2 0.7574404761904762 0.3212632275132275 0.17162698412698413 0.12334656084656084
2 0.9224950396825397 0.2996031746031746 0.11433531746031746 0.10052910052910052
1 0.1851438492063492 0.517691798941799 0.24231150793650794 0.5241402116402116
1 0.12512400793650794 0.5681216931216931 0.2497519841269841 0.8406084656084656
