4 0.46800595238095233 0.439484126984127 0.625 0.13624338624338622
0 0.759548611111111 0.7162698412698413 0.48090277777777773 0.546957671957672
0 0.15228174603174602 0.7842261904761905 0.29662698412698413 0.37797619047619047
3 0.4107142857142857 0.6977513227513227 0.19543650793650794 0.4365079365079365
3 0.4288194444444444 0.5013227513227513 0.17261904761904762 0.23412698412698413
3 0.2562003968253968 0.46742724867724866 0.14583333333333331 0.17162698412698413
3 0.21242559523809523 0.5515873015873015 0.15550595238095238 0.2123015873015873
2 0.07452876984126984 0.4072420634920635 0.13913690476190477 0.17559523809523808
2 0.4445684523809524 0.38227513227513227 0.19270833333333331 0.13624338624338622
2 0.6195436507936508 0.37979497354497355 0.16121031746031744 0.13326719576719576
2 0.9631696428571428 0.37466931216931215 0.07366071428571429 0.1488095238095238
3 0.8599950396825397 0.4917328042328042 0.0964781746031746 0.1488095238095238
