1 0.3334573412698413 0.5833333333333333 0.21254960317460317 0.66005291005291
3 0.5911458333333333 0.5013227513227513 0.09250992063492063 0.2136243386243386
3 0.6220238095238095 0.4637896825396825 0.06299603174603174 0.1617063492063492
3 0.7808779761904762 0.48346560846560843 0.0523313492063492 0.16269841269841268
3 0.8348214285714285 0.5082671957671957 0.059027777777777776 0.1541005291005291
3 0.8797123015873015 0.4966931216931217 0.0496031746031746 0.15145502645502645
3 0.9496527777777777 0.47255291005291 0.07142857142857142 0.1488095238095238
3 0.07601686507936507 0.5317460317460317 0.09449404761904762 0.2466931216931217
3 0.19518849206349206 0.6081349206349206 0.12896825396825395 0.29497354497354494
4 0.6417410714285714 0.45221560846560843 0.7165178571428571 0.19477513227513227
